ii=1

ii =

     1

element=shape{ii};
    spacing=refinement{ii};
    for i=1:size(element,1)
        disp(['Point(',num2str(n_point),')={', num2str(element(i,1)),...
            ',', num2str(element(i,2)), ',0,' ,num2str(spacing(i)), '};'])
        n_point=n_point+1;
    end
{Undefined function or variable 'n_point'.
} 
n_point=1;
element=shape{ii};
    spacing=refinement{ii};
    for i=1:size(element,1)
        disp(['Point(',num2str(n_point),')={', num2str(element(i,1)),...
            ',', num2str(element(i,2)), ',0,' ,num2str(spacing(i)), '};'])
        n_point=n_point+1;
    end
Point(1)={3,0,0,0.1};
{Index exceeds matrix dimensions.
} 
disp(['Point(',num2str(n_point),')={', num2str(element(i,1)),...
            ',', num2str(element(i,2)), ',0,' ,num2str(spacing(i)), '};'])
{Index exceeds matrix dimensions.
} 
num2str(element(i,1))

ans =

    '2.998'

num2str(element(i,2))

ans =

    '0.063424'

num2str(spacing(i))
{Index exceeds matrix dimensions.
} 
spacing(size(elements,1),1)=refinement{ii};
{Undefined function or variable 'elements'.
} 
element=shape{ii};
spacing(size(element,1),1)=refinement{ii};
spacing=zeros(size(element,1),1);
spacing(:)=refinement{ii};
for i=1:size(element,1)
        disp(['Point(',num2str(n_point),')={', num2str(element(i,1)),...
            ',', num2str(element(i,2)), ',0,' ,num2str(spacing(i)), '};'])
        n_point=n_point+1;
    end
Point(2)={3,0,0,0.1};
Point(3)={2.998,0.063424,0,0.1};
Point(4)={2.992,0.12659,0,0.1};
Point(5)={2.9819,0.18925,0,0.1};
Point(6)={2.9679,0.25115,0,0.1};
Point(7)={2.9501,0.31203,0,0.1};
Point(8)={2.9284,0.37166,0,0.1};
Point(9)={2.9029,0.42979,0,0.1};
Point(10)={2.8738,0.4862,0,0.1};
Point(11)={2.8413,0.54064,0,0.1};
Point(12)={2.8053,0.59291,0,0.1};
Point(13)={2.766,0.64279,0,0.1};
Point(14)={2.7237,0.69008,0,0.1};
Point(15)={2.6785,0.73459,0,0.1};
Point(16)={2.6306,0.77615,0,0.1};
Point(17)={2.5801,0.81458,0,0.1};
Point(18)={2.5272,0.84973,0,0.1};
Point(19)={2.4723,0.88145,0,0.1};
Point(20)={2.4154,0.90963,0,0.1};
Point(21)={2.3569,0.93415,0,0.1};
Point(22)={2.2969,0.9549,0,0.1};
Point(23)={2.2358,0.97181,0,0.1};
Point(24)={2.1736,0.98481,0,0.1};
Point(25)={2.1108,0.99384,0,0.1};
Point(26)={2.0476,0.99887,0,0.1};
Point(27)={1.9841,0.99987,0,0.1};
Point(28)={1.9208,0.99685,0,0.1};
Point(29)={1.8577,0.98982,0,0.1};
Point(30)={1.7952,0.9788,0,0.1};
Point(31)={1.7335,0.96384,0,0.1};
Point(32)={1.6729,0.945,0,0.1};
Point(33)={1.6137,0.92235,0,0.1};
Point(34)={1.5559,0.89599,0,0.1};
Point(35)={1.5,0.86603,0,0.1};
Point(36)={1.4461,0.83257,0,0.1};
Point(37)={1.3944,0.79576,0,0.1};
Point(38)={1.3451,0.75575,0,0.1};
Point(39)={1.2985,0.71269,0,0.1};
Point(40)={1.2547,0.66677,0,0.1};
Point(41)={1.2139,0.61816,0,0.1};
Point(42)={1.1763,0.56706,0,0.1};
Point(43)={1.142,0.51368,0,0.1};
Point(44)={1.1112,0.45823,0,0.1};
Point(45)={1.0839,0.40093,0,0.1};
Point(46)={1.0603,0.34202,0,0.1};
Point(47)={1.0405,0.28173,0,0.1};
Point(48)={1.0246,0.22031,0,0.1};
Point(49)={1.0126,0.158,0,0.1};
Point(50)={1.0045,0.095056,0,0.1};
Point(51)={1.0005,0.031728,0,0.1};
Point(52)={1.0005,-0.031728,0,0.1};
Point(53)={1.0045,-0.095056,0,0.1};
Point(54)={1.0126,-0.158,0,0.1};
Point(55)={1.0246,-0.22031,0,0.1};
Point(56)={1.0405,-0.28173,0,0.1};
Point(57)={1.0603,-0.34202,0,0.1};
Point(58)={1.0839,-0.40093,0,0.1};
Point(59)={1.1112,-0.45823,0,0.1};
Point(60)={1.142,-0.51368,0,0.1};
Point(61)={1.1763,-0.56706,0,0.1};
Point(62)={1.2139,-0.61816,0,0.1};
Point(63)={1.2547,-0.66677,0,0.1};
Point(64)={1.2985,-0.71269,0,0.1};
Point(65)={1.3451,-0.75575,0,0.1};
Point(66)={1.3944,-0.79576,0,0.1};
Point(67)={1.4461,-0.83257,0,0.1};
Point(68)={1.5,-0.86603,0,0.1};
Point(69)={1.5559,-0.89599,0,0.1};
Point(70)={1.6137,-0.92235,0,0.1};
Point(71)={1.6729,-0.945,0,0.1};
Point(72)={1.7335,-0.96384,0,0.1};
Point(73)={1.7952,-0.9788,0,0.1};
Point(74)={1.8577,-0.98982,0,0.1};
Point(75)={1.9208,-0.99685,0,0.1};
Point(76)={1.9841,-0.99987,0,0.1};
Point(77)={2.0476,-0.99887,0,0.1};
Point(78)={2.1108,-0.99384,0,0.1};
Point(79)={2.1736,-0.98481,0,0.1};
Point(80)={2.2358,-0.97181,0,0.1};
Point(81)={2.2969,-0.9549,0,0.1};
Point(82)={2.3569,-0.93415,0,0.1};
Point(83)={2.4154,-0.90963,0,0.1};
Point(84)={2.4723,-0.88145,0,0.1};
Point(85)={2.5272,-0.84973,0,0.1};
Point(86)={2.5801,-0.81458,0,0.1};
Point(87)={2.6306,-0.77615,0,0.1};
Point(88)={2.6785,-0.73459,0,0.1};
Point(89)={2.7237,-0.69008,0,0.1};
Point(90)={2.766,-0.64279,0,0.1};
Point(91)={2.8053,-0.59291,0,0.1};
Point(92)={2.8413,-0.54064,0,0.1};
Point(93)={2.8738,-0.4862,0,0.1};
Point(94)={2.9029,-0.42979,0,0.1};
Point(95)={2.9284,-0.37166,0,0.1};
Point(96)={2.9501,-0.31203,0,0.1};
Point(97)={2.9679,-0.25115,0,0.1};
Point(98)={2.9819,-0.18925,0,0.1};
Point(99)={2.992,-0.12659,0,0.1};
Point(100)={2.998,-0.063424,0,0.1};
Point(101)={3,-2.4493e-16,0,0.1};
for i=1:size(element,1)
        if i<size(element,1)
            disp(['Line(',num2str(n_line),')={', num2str(n_line),...
                ',', num2str(n_line+1), '};'])
        elseif i==size(element,1)
            disp(['Line(',num2str(n_line),')={', num2str(n_line),...
                ',', num2str(n_line-size(element,1)+1), '};'])
        end
        n_line=n_line+1;
    end
{Undefined function or variable 'n_line'.
} 
n_point=1;
n_line=1;
n_loop=1;
element=shape{ii};
    spacing=zeros(size(element,1),1);
    spacing(:)=refinement{ii};
    for i=1:size(element,1)
        disp(['Point(',num2str(n_point),')={', num2str(element(i,1)),...
            ',', num2str(element(i,2)), ',0,' ,num2str(spacing(i)), '};'])
        n_point=n_point+1;
    end
Point(1)={3,0,0,0.1};
Point(2)={2.998,0.063424,0,0.1};
Point(3)={2.992,0.12659,0,0.1};
Point(4)={2.9819,0.18925,0,0.1};
Point(5)={2.9679,0.25115,0,0.1};
Point(6)={2.9501,0.31203,0,0.1};
Point(7)={2.9284,0.37166,0,0.1};
Point(8)={2.9029,0.42979,0,0.1};
Point(9)={2.8738,0.4862,0,0.1};
Point(10)={2.8413,0.54064,0,0.1};
Point(11)={2.8053,0.59291,0,0.1};
Point(12)={2.766,0.64279,0,0.1};
Point(13)={2.7237,0.69008,0,0.1};
Point(14)={2.6785,0.73459,0,0.1};
Point(15)={2.6306,0.77615,0,0.1};
Point(16)={2.5801,0.81458,0,0.1};
Point(17)={2.5272,0.84973,0,0.1};
Point(18)={2.4723,0.88145,0,0.1};
Point(19)={2.4154,0.90963,0,0.1};
Point(20)={2.3569,0.93415,0,0.1};
Point(21)={2.2969,0.9549,0,0.1};
Point(22)={2.2358,0.97181,0,0.1};
Point(23)={2.1736,0.98481,0,0.1};
Point(24)={2.1108,0.99384,0,0.1};
Point(25)={2.0476,0.99887,0,0.1};
Point(26)={1.9841,0.99987,0,0.1};
Point(27)={1.9208,0.99685,0,0.1};
Point(28)={1.8577,0.98982,0,0.1};
Point(29)={1.7952,0.9788,0,0.1};
Point(30)={1.7335,0.96384,0,0.1};
Point(31)={1.6729,0.945,0,0.1};
Point(32)={1.6137,0.92235,0,0.1};
Point(33)={1.5559,0.89599,0,0.1};
Point(34)={1.5,0.86603,0,0.1};
Point(35)={1.4461,0.83257,0,0.1};
Point(36)={1.3944,0.79576,0,0.1};
Point(37)={1.3451,0.75575,0,0.1};
Point(38)={1.2985,0.71269,0,0.1};
Point(39)={1.2547,0.66677,0,0.1};
Point(40)={1.2139,0.61816,0,0.1};
Point(41)={1.1763,0.56706,0,0.1};
Point(42)={1.142,0.51368,0,0.1};
Point(43)={1.1112,0.45823,0,0.1};
Point(44)={1.0839,0.40093,0,0.1};
Point(45)={1.0603,0.34202,0,0.1};
Point(46)={1.0405,0.28173,0,0.1};
Point(47)={1.0246,0.22031,0,0.1};
Point(48)={1.0126,0.158,0,0.1};
Point(49)={1.0045,0.095056,0,0.1};
Point(50)={1.0005,0.031728,0,0.1};
Point(51)={1.0005,-0.031728,0,0.1};
Point(52)={1.0045,-0.095056,0,0.1};
Point(53)={1.0126,-0.158,0,0.1};
Point(54)={1.0246,-0.22031,0,0.1};
Point(55)={1.0405,-0.28173,0,0.1};
Point(56)={1.0603,-0.34202,0,0.1};
Point(57)={1.0839,-0.40093,0,0.1};
Point(58)={1.1112,-0.45823,0,0.1};
Point(59)={1.142,-0.51368,0,0.1};
Point(60)={1.1763,-0.56706,0,0.1};
Point(61)={1.2139,-0.61816,0,0.1};
Point(62)={1.2547,-0.66677,0,0.1};
Point(63)={1.2985,-0.71269,0,0.1};
Point(64)={1.3451,-0.75575,0,0.1};
Point(65)={1.3944,-0.79576,0,0.1};
Point(66)={1.4461,-0.83257,0,0.1};
Point(67)={1.5,-0.86603,0,0.1};
Point(68)={1.5559,-0.89599,0,0.1};
Point(69)={1.6137,-0.92235,0,0.1};
Point(70)={1.6729,-0.945,0,0.1};
Point(71)={1.7335,-0.96384,0,0.1};
